0 0 0 0 0 0 0 0 0 425 427 0 0 0 0 0 0 0 0 0 0 0 0 0 0 0 0
0 12 131 131 48 0 0 0 0 425 427 0 0 0 0 0 0 0 0 0 0 0 0 0 0 0 0
0 64 152 153 65 48 0 0 0 425 427 0 0 0 0 0 0 0 0 0 0 0 0 0 0 0 0
0 64 180 176 65 65 48 0 0 425 427 0 9 10 10 10 10 10 10 11 0 0 0 0 0 0 0
0 120 65 176 121 121 121 131 48 425 427 44 65 99 65 65 99 65 96 66 0 0 0 0 0 0 0
0 0 64 180 150 150 150 153 285 317 316 287 121 121 121 121 121 121 121 66 0 0 0 0 0 0 0
0 0 64 297 297 297 180 181 313 314 314 315 68 69 69 70 69 69 71 66 0 0 0 0 0 0 0
0 0 64 92 65 65 180 181 313 428 456 315 124 403 291 126 402 290 127 122 0 0 0 0 0 0 0
0 0 64 297 65 204 180 181 369 342 342 343 205 321 205 205 205 205 205 206 0 0 0 0 0 0 0
0 0 64 95 65 204 236 205 205 205 205 205 205 205 293 205 377 205 205 7 458 459 458 459 458 459 459
0 0 64 297 65 204 349 205 293 205 377 205 205 348 205 205 205 205 320 206 460 229 460 257 460 119 460
0 0 64 297 65 204 205 205 205 205 205 205 205 205 235 205 405 205 205 206 431 432 431 432 431 432 431
0 0 64 297 297 204 208 211 205 236 205 349 205 205 235 348 205 205 261 262 258 87 230 0 230 0 230
0 5 64 95 65 260 264 267 261 261 261 261 261 205 205 261 261 262 66 3 59 3 230 0 230 0 230
6 33 120 125 125 125 125 125 125 125 125 125 122 90 90 120 125 125 122 31 4 31 230 0 230 0 230
34 0 0 0 0 0 0 0 0 0 0 0 0 118 90 0 0 0 0 85 32 86 230 0 230 0 230
