309 309 309 309 309 309 309 309 309 309 309 309 423 423 423 423 423 309 309 309 309 309 309 309 309 309 309
309 309 309 423 309 309 309 309 309 309 309 423 6 304 305 306 6 423 309 309 451 309 451 309 309 309 309
309 451 309 309 309 309 451 309 309 309 423 6 34 332 333 334 34 6 423 309 309 309 309 309 309 309 309
309 309 309 309 309 309 309 309 309 309 423 34 59 360 361 362 59 34 423 309 309 309 309 309 309 451 309
309 309 309 309 309 309 309 309 309 309 423 423 174 174 174 174 174 423 423 309 309 309 309 309 309 309 309
458 458 458 458 458 458 458 328 440 328 440 328 440 328 440 328 440 328 440 328 440 328 141 309 309 309 309
460 423 423 460 423 460 172 440 438 436 412 412 412 412 412 412 408 408 408 408 408 440 171 309 309 309 309
309 309 309 309 309 309 171 328 436 412 412 411 411 436 412 412 410 440 408 408 408 328 143 309 309 423 309
309 309 309 309 309 309 143 440 412 412 410 410 410 412 411 410 408 410 410 408 412 440 171 309 309 309 309
309 309 309 309 309 309 171 328 437 410 410 410 412 440 411 411 409 408 410 412 412 328 143 309 309 309 309
309 423 309 309 309 309 143 440 436 437 410 412 412 412 412 412 412 440 412 412 408 440 143 309 309 309 309
309 309 309 309 423 309 143 328 438 410 410 437 411 411 411 408 437 409 409 437 408 328 171 309 309 309 309
309 309 309 309 309 309 171 440 408 408 408 440 408 408 408 408 408 408 408 408 408 440 143 309 309 451 309
309 309 309 309 309 309 169 328 440 328 440 328 440 328 440 328 440 328 440 328 440 328 169 309 309 309 309
309 309 309 309 309 309 309 309 309 309 309 309 309 309 309 309 309 309 309 309 309 309 309 309 309 309 309
309 309 309 451 309 309 309 309 309 309 309 309 309 309 309 451 309 309 451 309 309 309 309 309 423 309 309
